コード
1380
1381
1444
1438
1449
1718
1736
1738
1764
1768
1770
1771
1773
1776
1777
1787
1788
1793
1795
1798
1799
1807
1828
1832
1841
1869
1897
1905
1930
1939
1941
1944
1950
1981
1992
1994
1997
1999
2003
2055
2058
2114
2139
2179
2185
2208
2218
2221
2224
2226
2268
2293
2329
2344
2349
2373
2376
2391
2393
2415
2449
2469
2480
2498
2551
2573
2612
2654
2668
2669
2683
2692
2747
2750
2790
2795
2805
2806
2813
2814
2816
2831
2876
2877
2894
2902
2903
2904
2907
2911
2916
2917
2919
2923
2928
2961
2976
2993
3024
3032
3045
3047
3055
3058
3059
3065
3067
3066
3068
3080
3096
3123
3143
3148
3157
3159
3166
3184
3190
3201
3241
3260
3329
3346
3352
3353
3355
3375
3384
3396
3417
3420
3419
3422
3426
3435
3437
3439
3442
3477
3495
3504
3513
3560
3583
3597
3648
3712
3739
3775
3800
3802
3817
3824
3839
3849
3892
3943
3944
3947
3954
3955
3977
4018
4076
4095
4102
4171
4231
4234
4247
4250
4262
4299
4341
4351
4360
4365
4409
4437
4464
4491
4524
4623
4624
4625
4627
4628
4629
4635
4645
4659
4685
4705
4720
4735
4746
4765
4769
4771
4832
4834
4925
4957
4966
4976
4990
5015
5071
5039
5075
5078
5237
5241
5259
5273
5282
5280
5284
5342
5343
5355
5356
5368
5386
5446
5484
5530
5533
5579
5607
5619
5695
5753
5757
5900
5903
5906
5909
5918
5945
5953
5956
5962
5965
5967
5969
5971
5973
5982
5983
5984
5997
6042
6060
6061
6074
6076
6091
6111
6137
6142
6144
6155
6159
6161
6180
6225
6265
6267
6307
6322
6360
6365
6382
6392
6403
6424
6439
6455
6466
6484
6488
6497
6518
6543
6565
6623
6643
6655
6743
6744
6797
6822
6832
6861
6874
6960
6964
7040
7075
7076
7087
7091
7115
7129
7134
7135
7175
7208
7217
7218
7219
7227
7229
7255
7264
7265
7292
7297
7299
7326
7377
7399
7413
7422
7425
7434
7443
7444
7446
7450
7460
7461
7464
7486
7485
7490
7488
7500
7502
7505
7509
7521
7539
7538
7551
7555
7570
7604
7614
7621
7634
7635
7636
7643
7670
7675
7749
7781
7790
7804
7814
7841
7849
7850
7857
7870
7871
7872
7875
7877
7879
7883
7887
7896
7902
7916
7917
7923
7932
7937
7939
7938
7953
7957
7970
7975
7983
8006
8012
8014
8030
8039
8045
8046
8066
8071
8084
8118
8119
8123
8131
8133
8144
8147
8145
8152
8190
8198
8228
8247
8255
8275
8301
8341
8398
8421
8554
8559
8560
8594
8596
8699
8700
8877
8891
8898
8908
8996
9012
9017
9027
9028
9029
9033
9034
9036
9035
9049
9051
9057
9063
9059
9083
9085
9087
9171
9193
9215
9221
9223
9225
9233
9257
9282
9313
9322
9324
9357
9355
9359
9365
9367
9388
9402
9407
9408
9441
9444
9445
9446
9471
9476
9537
9539
9605
9622
9635
9636
9639
9640
9643
9651
9661
9664
9679
9687
9691
9701
9708
9709
9713
9723
9746
9760
9763
9778
9780
9776
9791
9795
9799
9818
9835
9845
9846
9849
9853
9856
9857
9867
9890
9903
9906
9908
9914
9929
9934
9942
9950
9955
9959
9976
9991
9996
